[  0.00000,  0.33333,  0.33333,  0.33333 ...
   0.33333,  0.33333,  0.33333,  0.33333 ...
   0.33333,  0.33333,  0.33333,  0.33333 ...
   0.33333,  0.33333,  0.33333,  0.33333 ...
   0.33333,  0.33333,  0.33333,  0.33333 ...
   0.33333,  0.33333,  0.33333,  0.33333 ...
   0.33333;
   0.33333,  0.00000,  0.33333,  0.33333 ...
   0.33333,  0.33333,  0.33333,  0.33333 ...
   0.33333,  0.33333,  0.33333,  0.33333 ...
   0.33333,  0.33333,  0.33333,  0.33333 ...
   0.33333,  0.33333,  0.33333,  0.33333 ...
   0.33333,  0.33333,  0.33333,  0.33333 ...
   0.33333;
   0.33333,  0.33333,  0.00000,  0.33333 ...
   0.33333,  0.33333,  0.33333,  0.33333 ...
   0.33333,  0.33333,  0.33333,  0.33333 ...
   0.33333,  0.33333,  0.33333,  0.33333 ...
   0.33333,  0.33333,  0.33333,  0.33333 ...
   0.33333,  0.33333,  0.33333,  0.33333 ...
   0.33333;
   0.33333,  0.33333,  0.33333,  0.00000 ...
   0.33333,  0.33333,  0.33333,  0.33333 ...
   0.33333,  0.33333,  0.33333,  0.33333 ...
   0.33333,  0.33333,  0.33333,  0.33333 ...
   0.33333,  0.33333,  0.33333,  0.33333 ...
   0.33333,  0.33333,  0.33333,  0.33333 ...
   0.33333;
   0.33333,  0.33333,  0.33333,  0.33333 ...
   0.00000,  0.33333,  0.33333,  0.33333 ...
   0.33333,  0.33333,  0.33333,  0.33333 ...
   0.33333,  0.33333,  0.33333,  0.33333 ...
   0.33333,  0.33333,  0.33333,  0.33333 ...
   0.33333,  0.33333,  0.33333,  0.33333 ...
   0.33333;
   0.33333,  0.33333,  0.33333,  0.33333 ...
   0.33333,  0.00000,  0.33333,  0.33333 ...
   0.33333,  0.33333,  0.33333,  0.33333 ...
   0.33333,  0.33333,  0.33333,  0.33333 ...
   0.33333,  0.33333,  0.33333,  0.33333 ...
   0.33333,  0.33333,  0.33333,  0.33333 ...
   0.33333;
   0.33333,  0.33333,  0.33333,  0.33333 ...
   0.33333,  0.33333,  0.00000,  0.33333 ...
   0.33333,  0.33333,  0.33333,  0.33333 ...
   0.33333,  0.33333,  0.33333,  0.33333 ...
   0.33333,  0.33333,  0.33333,  0.33333 ...
   0.33333,  0.33333,  0.33333,  0.33333 ...
   0.33333;
   0.33333,  0.33333,  0.33333,  0.33333 ...
   0.33333,  0.33333,  0.33333,  0.00000 ...
   0.33333,  0.33333,  0.33333,  0.33333 ...
   0.33333,  0.33333,  0.33333,  0.33333 ...
   0.33333,  0.33333,  0.33333,  0.33333 ...
   0.33333,  0.33333,  0.33333,  0.33333 ...
   0.33333;
   0.33333,  0.33333,  0.33333,  0.33333 ...
   0.33333,  0.33333,  0.33333,  0.33333 ...
   0.00000,  0.33333,  0.33333,  0.33333 ...
   0.33333,  0.33333,  0.33333,  0.33333 ...
   0.33333,  0.33333,  0.33333,  0.33333 ...
   0.33333,  0.33333,  0.33333,  0.33333 ...
   0.33333;
   0.33333,  0.33333,  0.33333,  0.33333 ...
   0.33333,  0.33333,  0.33333,  0.33333 ...
   0.33333,  0.00000,  0.33333,  0.33333 ...
   0.33333,  0.33333,  0.33333,  0.33333 ...
   0.33333,  0.33333,  0.33333,  0.33333 ...
   0.33333,  0.33333,  0.33333,  0.33333 ...
   0.33333;
   0.33333,  0.33333,  0.33333,  0.33333 ...
   0.33333,  0.33333,  0.33333,  0.33333 ...
   0.33333,  0.33333,  0.00000,  0.33333 ...
   0.33333,  0.33333,  0.33333,  0.33333 ...
   0.33333,  0.33333,  0.33333,  0.33333 ...
   0.33333,  0.33333,  0.33333,  0.33333 ...
   0.33333;
   0.33333,  0.33333,  0.33333,  0.33333 ...
   0.33333,  0.33333,  0.33333,  0.33333 ...
   0.33333,  0.33333,  0.33333,  0.00000 ...
   0.33333,  0.33333,  0.33333,  0.33333 ...
   0.33333,  0.33333,  0.33333,  0.33333 ...
   0.33333,  0.33333,  0.33333,  0.33333 ...
   0.33333;
   0.33333,  0.33333,  0.33333,  0.33333 ...
   0.33333,  0.33333,  0.33333,  0.33333 ...
   0.33333,  0.33333,  0.33333,  0.33333 ...
   0.00000,  0.33333,  0.33333,  0.33333 ...
   0.33333,  0.33333,  0.33333,  0.33333 ...
   0.33333,  0.33333,  0.33333,  0.33333 ...
   0.33333;
   0.33333,  0.33333,  0.33333,  0.33333 ...
   0.33333,  0.33333,  0.33333,  0.33333 ...
   0.33333,  0.33333,  0.33333,  0.33333 ...
   0.33333,  0.00000,  0.33333,  0.33333 ...
   0.33333,  0.33333,  0.33333,  0.33333 ...
   0.33333,  0.33333,  0.33333,  0.33333 ...
   0.33333;
   0.33333,  0.33333,  0.33333,  0.33333 ...
   0.33333,  0.33333,  0.33333,  0.33333 ...
   0.33333,  0.33333,  0.33333,  0.33333 ...
   0.33333,  0.33333,  0.00000,  0.33333 ...
   0.33333,  0.33333,  0.33333,  0.33333 ...
   0.33333,  0.33333,  0.33333,  0.33333 ...
   0.33333;
   0.33333,  0.33333,  0.33333,  0.33333 ...
   0.33333,  0.33333,  0.33333,  0.33333 ...
   0.33333,  0.33333,  0.33333,  0.33333 ...
   0.33333,  0.33333,  0.33333,  0.00000 ...
   0.33333,  0.33333,  0.33333,  0.33333 ...
   0.33333,  0.33333,  0.33333,  0.33333 ...
   0.33333;
   0.33333,  0.33333,  0.33333,  0.33333 ...
   0.33333,  0.33333,  0.33333,  0.33333 ...
   0.33333,  0.33333,  0.33333,  0.33333 ...
   0.33333,  0.33333,  0.33333,  0.33333 ...
   0.00000,  0.33333,  0.33333,  0.33333 ...
   0.33333,  0.33333,  0.33333,  0.33333 ...
   0.33333;
   0.33333,  0.33333,  0.33333,  0.33333 ...
   0.33333,  0.33333,  0.33333,  0.33333 ...
   0.33333,  0.33333,  0.33333,  0.33333 ...
   0.33333,  0.33333,  0.33333,  0.33333 ...
   0.33333,  0.00000,  0.33333,  0.33333 ...
   0.33333,  0.33333,  0.33333,  0.33333 ...
   0.33333;
   0.33333,  0.33333,  0.33333,  0.33333 ...
   0.33333,  0.33333,  0.33333,  0.33333 ...
   0.33333,  0.33333,  0.33333,  0.33333 ...
   0.33333,  0.33333,  0.33333,  0.33333 ...
   0.33333,  0.33333,  0.00000,  0.33333 ...
   0.33333,  0.33333,  0.33333,  0.33333 ...
   0.33333;
   0.33333,  0.33333,  0.33333,  0.33333 ...
   0.33333,  0.33333,  0.33333,  0.33333 ...
   0.33333,  0.33333,  0.33333,  0.33333 ...
   0.33333,  0.33333,  0.33333,  0.33333 ...
   0.33333,  0.33333,  0.33333,  0.00000 ...
   0.33333,  0.33333,  0.33333,  0.33333 ...
   0.33333;
   0.33333,  0.33333,  0.33333,  0.33333 ...
   0.33333,  0.33333,  0.33333,  0.33333 ...
   0.33333,  0.33333,  0.33333,  0.33333 ...
   0.33333,  0.33333,  0.33333,  0.33333 ...
   0.33333,  0.33333,  0.33333,  0.33333 ...
   0.00000,  0.33333,  0.33333,  0.33333 ...
   0.33333;
   0.33333,  0.33333,  0.33333,  0.33333 ...
   0.33333,  0.33333,  0.33333,  0.33333 ...
   0.33333,  0.33333,  0.33333,  0.33333 ...
   0.33333,  0.33333,  0.33333,  0.33333 ...
   0.33333,  0.33333,  0.33333,  0.33333 ...
   0.33333,  0.00000,  0.33333,  0.33333 ...
   0.33333;
   0.33333,  0.33333,  0.33333,  0.33333 ...
   0.33333,  0.33333,  0.33333,  0.33333 ...
   0.33333,  0.33333,  0.33333,  0.33333 ...
   0.33333,  0.33333,  0.33333,  0.33333 ...
   0.33333,  0.33333,  0.33333,  0.33333 ...
   0.33333,  0.33333,  0.00000,  0.33333 ...
   0.33333;
   0.33333,  0.33333,  0.33333,  0.33333 ...
   0.33333,  0.33333,  0.33333,  0.33333 ...
   0.33333,  0.33333,  0.33333,  0.33333 ...
   0.33333,  0.33333,  0.33333,  0.33333 ...
   0.33333,  0.33333,  0.33333,  0.33333 ...
   0.33333,  0.33333,  0.33333,  0.00000 ...
   0.33333;
   0.33333,  0.33333,  0.33333,  0.33333 ...
   0.33333,  0.33333,  0.33333,  0.33333 ...
   0.33333,  0.33333,  0.33333,  0.33333 ...
   0.33333,  0.33333,  0.33333,  0.33333 ...
   0.33333,  0.33333,  0.33333,  0.33333 ...
   0.33333,  0.33333,  0.33333,  0.33333 ...
   0.00000 ]





//ACTIVATION VECTOR
[  1;
   1;
   1;
   1;
   1;
   1;
   1;
   1;
   1;
   1;
   1;
   1;
   1;
   1;
   1;
   1;
   1;
   1;
   1;
   1;
   1;
   1;
   1;
   1;
   1 ]